0 50000000 92 50000000 50000000 50000000 50000000 50000000 9 50000000 0 50000000 92 50000000 50000000 50000000 50000000 50000000 9 50000000
0 110 50000000 53 36 50000000 50000000 55 50000000 110 0 50000000 92 50000000 50000000 50000000 50000000 50000000 9 50000000
0 58 50000000 50000000 50000000 127 86 50000000 50000000 50000000 0 50000000 92 50000000 50000000 50000000 50000000 50000000 9 50000000
0 8 16 50000000 80 49 65 53 50000000 8 0 50000000 92 50000000 50000000 50000000 50000000 50000000 9 50000000
0 50000000 6 85 56 50000000 50000000 74 16 50000000 0 50000000 92 50000000 50000000 50000000 50000000 50000000 9 50000000
0 50000000 70 47 61 50000000 50000000 50000000 6 50000000 0 50000000 92 50000000 50000000 50000000 50000000 50000000 9 50000000
0 83 50000000 50000000 53 50000000 50000000 85 70 50000000 0 50000000 92 50000000 50000000 50000000 50000000 50000000 9 50000000
0 50000000 50000000 55 86 50000000 50000000 50000000 52 50000000 0 50000000 92 50000000 50000000 50000000 50000000 50000000 9 50000000
0 112 51 139 50000000 80 50000000 50000000 100 50000000 0 50000000 92 50000000 50000000 50000000 50000000 50000000 9 50000000
0 50000000 50000000 50000000 89 50000000 50000000 78 98 8 0 50000000 92 50000000 50000000 50000000 50000000 50000000 9 50000000
0 50000000 92 50000000 50000000 50000000 50000000 50000000 9 50000000 0 50000000 92 50000000 50000000 50000000 50000000 50000000 9 50000000
0 110 50000000 53 36 50000000 50000000 55 50000000 110 0 50000000 92 50000000 50000000 50000000 50000000 50000000 9 50000000
0 58 50000000 50000000 50000000 127 86 50000000 50000000 50000000 0 50000000 92 50000000 50000000 50000000 50000000 50000000 9 50000000
0 8 16 50000000 80 49 65 53 50000000 8 0 50000000 92 50000000 50000000 50000000 50000000 50000000 9 50000000
0 50000000 6 85 56 50000000 50000000 74 16 50000000 0 50000000 92 50000000 50000000 50000000 50000000 50000000 9 50000000
0 50000000 70 47 61 50000000 50000000 50000000 6 50000000 0 50000000 92 50000000 50000000 50000000 50000000 50000000 9 50000000
0 83 50000000 50000000 53 50000000 50000000 85 70 50000000 0 50000000 92 50000000 50000000 50000000 50000000 50000000 9 50000000
0 50000000 50000000 55 86 50000000 50000000 50000000 52 50000000 0 50000000 92 50000000 50000000 50000000 50000000 50000000 9 50000000
0 112 51 139 50000000 80 50000000 50000000 100 50000000 0 50000000 92 50000000 50000000 50000000 50000000 50000000 9 50000000
0 50000000 50000000 50000000 89 50000000 50000000 78 98 8 0 50000000 92 50000000 50000000 50000000 50000000 50000000 9 50000000